function [rates,DrDs,DrDrann] = chass_kinetics(t,in2,in3,None)
%CHASS_KINETICS
%    [RATES,DRDS,DRDRANN] = CHASS_KINETICS(T,IN2,IN3,NONE)

%    This function was generated by the Symbolic Math Toolbox version 8.5.
%    20-Jan-2023 13:46:16

adp = in2(1,:);
asa = in2(2,:);
asp = in2(3,:);
aspp = in2(4,:);
atp = in2(5,:);
compartment = in2(12,:);
hs = in2(6,:);
hsp = in2(7,:);
nadp = in2(8,:);
nadph = in2(9,:);
phos = in2(10,:);
rann1 = in3(1,:);
rann2 = in3(2,:);
rann3 = in3(3,:);
rann4 = in3(4,:);
rann5 = in3(5,:);
rann6 = in3(6,:);
rann7 = in3(7,:);
thr = in2(11,:);
t2 = asp.*atp;
t3 = asa.*nadph;
t4 = aspp.*nadph;
t6 = asa./5.0;
t7 = compartment.*2.02e+2;
t8 = rann3.*2.02e+2;
t12 = nadph.*rann6.*2.02e+2;
t13 = asa./5.0e+1;
t14 = phos./1.0e+1;
t15 = phos./5.0e+1;
t17 = adp.*(2.2e+1./2.5e+1);
t19 = adp.*(9.8e+1./2.5e+1);
t20 = atp.*(2.0e+1./8.7e+1);
t21 = hs.*(8.0./1.13e+2);
t22 = hsp+3.1e+1./1.0e+2;
t23 = nadp.*(3.7e+1./6.7e+1);
t24 = nadp.*(2.9e+1./1.44e+2);
t25 = thr.*(1.1e+1./1.09e+2);
t26 = adp.*aspp.*1.5625e+3;
t27 = aspp.*(9.7e+2./1.7e+1);
t29 = adp.*aspp.*1.128125e+2;
t31 = thr.*(1.0e+3./9.7e+1);
t32 = thr.*(1.0e+3./1.67e+2);
t36 = atp.*(9.91e+2./9.45e+2);
t37 = atp.*2.319940946957714e-2;
t38 = thr.*2.319940946957714e-2;
t41 = hs.*1.606484295845998e-2;
t48 = thr.*2.623226043388159;
t49 = thr.*2.424301195180489;
t93 = hs.*nadp.*3.162277660168379e-4;
t99 = asp.*2.576256926525514;
t100 = aspp.*4.849424802871556e+1;
t102 = asa.*nadp.*phos.*1.772577163771513e-2;
t5 = -t2;
t9 = nadph.*t7;
t10 = rann3.*t7;
t11 = rann6.*t7;
t18 = t14+1.0;
t28 = t20+1.0;
t30 = t15+1.0./5.0;
t33 = t2.*7.22e-2;
t34 = 1.0./t22;
t39 = t6+1.1e+1./5.0e+2;
t42 = t13+2.2e-3;
t46 = atp+t17+1.1e+1./5.0e+1;
t47 = asa+t21+6.0./2.5e+1;
t50 = t25+1.1e+1./1.0e+2;
t51 = atp+t19+4.9e+1./5.0e+1;
t55 = t31.^(4.1e+1./1.0e+2);
t56 = nadph+t23+3.7e+1./1.0e+3;
t57 = nadph+t24+2.9e+1./1.0e+3;
t63 = t37+1.1e+1./1.09e+2;
t64 = t31.^(1.41e+2./1.0e+2);
t65 = t32.^(3.09e+2./1.0e+2);
t66 = t32.^(4.09e+2./1.0e+2);
t67 = t38+1.1e+1./4.35e+2;
t75 = t48.^(4.1e+1./1.0e+2);
t77 = t48.^(1.41e+2./1.0e+2);
t78 = t49.^(3.09e+2./1.0e+2);
t79 = t49.^(4.09e+2./1.0e+2);
t96 = -t93;
t101 = t36+t41+7.55047619047619e-2;
t104 = -t102;
t170 = t99+t100+8.244022164881645e-1;
t16 = rann6.*t9;
t35 = t34.^2;
t40 = -t33;
t43 = compartment.*hsp.*t34;
t44 = compartment.*rann7.*t34;
t45 = hsp.*rann7.*t34;
t52 = t5+t26;
t59 = 1.0./t46;
t61 = 1.0./t47;
t68 = 1.0./t51;
t70 = t64+1.0;
t71 = 1.0./t56;
t73 = 1.0./t57;
t76 = t18.*t39;
t84 = t77+1.0;
t85 = t79+1.0;
t86 = t66.*(9.7e+1./1.0e+2);
t87 = t28.*t50;
t103 = t3+t96;
t105 = 1.0./t101;
t107 = t4+t104;
t172 = 1.0./t170;
t53 = rann7.*t43;
t54 = compartment.*hsp.*rann7.*t35;
t60 = t59.^2;
t62 = t61.^2;
t69 = t68.^2;
t72 = t71.^2;
t74 = t73.^2;
t80 = aspp+t76;
t81 = t29+t40;
t82 = 1.0./t70;
t90 = 1.0./t85;
t92 = hs+t87;
t98 = t86+9.7e+1./1.0e+2;
t106 = t105.^2;
t173 = t172.^2;
t202 = adp.*t59.*t172.*1.128125e+2;
t203 = aspp.*t59.*t172.*1.128125e+2;
t206 = asp.*t59.*t172.*7.22e-2;
t207 = atp.*t59.*t172.*7.22e-2;
t58 = -t54;
t83 = t82.^2;
t88 = 1.0./t80;
t91 = t90.^2;
t94 = 1.0./t92;
t112 = t65.*t90.*2.37562874251497e+1;
t113 = t90.*t98;
t139 = compartment.*nadph.*rann4.*t61.*t71.*t82.*t84;
t140 = asa.*compartment.*rann4.*t61.*t71.*t82.*t84;
t180 = compartment.*hs.*rann4.*t61.*t71.*t82.*t84.*3.162277660168379e-4;
t181 = compartment.*nadp.*rann4.*t61.*t71.*t82.*t84.*3.162277660168379e-4;
t186 = compartment.*t61.*t71.*t82.*t84.*t103;
t187 = rann4.*t61.*t71.*t82.*t84.*t103;
t189 = compartment.*rann4.*t61.*t72.*t82.*t84.*t103;
t190 = compartment.*rann4.*t62.*t71.*t82.*t84.*t103;
t200 = compartment.*rann4.*t61.*t71.*t75.*t82.*t103.*3.698748721177304;
t204 = -t202;
t205 = -t203;
t209 = t59.*t81.*t172;
t210 = t60.*t81.*t172;
t216 = t59.*t81.*t173.*2.576256926525514;
t217 = t59.*t81.*t173.*4.849424802871556e+1;
t89 = t88.^2;
t95 = t94.^2;
t97 = t44+t58;
t108 = aspp.*compartment.*rann2.*t73.*t88;
t109 = compartment.*nadph.*rann2.*t73.*t88;
t114 = atp.*compartment.*hs.*t94.*t105;
t115 = atp.*compartment.*rann5.*t94.*t105;
t116 = atp.*hs.*rann5.*t94.*t105;
t117 = compartment.*hs.*rann5.*t94.*t105;
t118 = asp+t27+t113;
t129 = compartment.*hs.*rann5.*t36.*t94.*t106;
t130 = asa.*compartment.*nadp.*rann2.*t73.*t88.*1.772577163771513e-2;
t131 = asa.*compartment.*phos.*rann2.*t73.*t88.*1.772577163771513e-2;
t132 = compartment.*nadp.*phos.*rann2.*t73.*t88.*1.772577163771513e-2;
t133 = atp.*compartment.*hs.*rann5.*t94.*t106.*(-9.91e+2./9.45e+2);
t137 = atp.*compartment.*rann5.*t41.*t94.*t106;
t138 = atp.*compartment.*hs.*rann5.*t94.*t106.*(-1.606484295845998e-2);
t141 = compartment.*t73.*t88.*t107;
t142 = rann2.*t73.*t88.*t107;
t143 = -t139;
t144 = -t140;
t146 = compartment.*rann2.*t74.*t88.*t107;
t157 = t78.*t91.*t98.*9.915391888288201;
t183 = -t180;
t184 = -t181;
t188 = rann4.*t186;
t191 = -t186;
t192 = -t187;
t194 = -t189;
t195 = -t190;
t196 = t189.*(3.7e+1./6.7e+1);
t197 = t190.*(8.0./1.13e+2);
t201 = -t200;
t211 = compartment.*rann4.*t55.*t61.*t71.*t83.*t84.*t103.*1.45360824742268e+1;
t213 = -t209;
t214 = t210.*(2.2e+1./2.5e+1);
t110 = -t108;
t111 = -t109;
t119 = rann5.*t114;
t120 = atp.*compartment.*hs.*rann5.*t95.*t105;
t121 = -t114;
t122 = -t115;
t123 = -t116;
t124 = -t117;
t127 = 1.0./t118;
t134 = -t130;
t135 = -t131;
t136 = -t132;
t145 = rann2.*t141;
t147 = compartment.*rann2.*t73.*t89.*t107;
t148 = -t141;
t149 = -t142;
t153 = -t146;
t158 = t146.*(2.9e+1./1.44e+2);
t161 = -t157;
t193 = -t188;
t198 = -t196;
t199 = -t197;
t212 = -t211;
t221 = t181+t197;
t227 = t201+t211;
t125 = -t119;
t126 = -t120;
t128 = t127.^2;
t150 = t63.*t120;
t151 = t67.*t120;
t152 = -t145;
t154 = -t147;
t159 = asp.*rann1.*t68.*t127;
t160 = atp.*rann1.*t68.*t127;
t162 = -t158;
t163 = t30.*t147;
t165 = adp.*rann1.*t68.*t127.*1.5625e+3;
t166 = aspp.*rann1.*t68.*t127.*1.5625e+3;
t167 = t42.*t147;
t174 = -compartment.*t68.*t127.*(t2-t26);
t175 = -rann1.*t68.*t127.*(t2-t26);
t177 = -rann1.*t69.*t127.*(t2-t26);
t178 = compartment.*t68.*t127.*(t2-t26);
t179 = rann1.*t68.*t127.*(t2-t26);
t182 = rann1.*t69.*t127.*(t2-t26).*(-9.8e+1./2.5e+1);
t215 = t112+t161;
t155 = t63.*t126;
t156 = t67.*t126;
t164 = t30.*t154;
t168 = -t165;
t169 = -t166;
t171 = t42.*t154;
t176 = -rann1.*t68.*t128.*(t2-t26);
t185 = rann1.*t68.*t128.*(t2-t26).*(-9.7e+2./1.7e+1);
t208 = t109+t154;
t218 = t130+t167;
t220 = t115+t126+t138;
t222 = t175+t209;
t226 = compartment.*rann1.*t68.*t128.*t215.*(t2-t26);
t228 = t159+t177+t206+t210;
t232 = -compartment.*(t166+t203-t214+rann1.*t69.*t127.*(t2-t26).*(9.8e+1./2.5e+1));
t233 = compartment.*(t166+t203-t214+rann1.*t69.*t127.*(t2-t26).*(9.8e+1./2.5e+1));
t238 = -compartment.*(t165+t202-t217+rann1.*t68.*t128.*(t2-t26).*(9.7e+2./1.7e+1));
t239 = compartment.*(t165+t202-t217+rann1.*t68.*t128.*(t2-t26).*(9.7e+2./1.7e+1));
t219 = t134+t171;
t223 = compartment.*t222;
t225 = compartment.*t176.*t215;
t229 = compartment.*t228;
t231 = t169+t182+t205+t214;
t234 = t160+t176+t207+t216;
t237 = t168+t185+t204+t217;
t224 = -t223;
rates = [t10+t119+t224;t145+t193;t223;t152+t224;t125+t223-compartment.*rann3.*2.02e+2;t125+t188;-t53+t119;t16+t145+t188;t152+t193-compartment.*nadph.*rann6.*2.02e+2;t10+t53+t145;t53];
